10111100110101100000101100
01111000111010111101001010
10010001110101011101010100
10100000110100001000011000
11101000100111010111111111
10110101100101110001010101
01111000101000001011111001
10110101111100110100111000
00001110010101010011001000
11100100110000101110010000
01000001000001100111101001
11101110010000000001101010
00110001011011111011011010
00000101000000110100010000
11100100111001001011110110
01000001000100000010111000
10010001101111100100101100
01000100000111100101101110
10110110111110011110011010
00110010011111010110000100
10000000000100101011110001
00010110110110000001001111
10111011111010110100100111
10011111001110000111110111
11100001100011000001000111
00011110111000011101101110
10101000101001011001110101
00010111111011001011000011
11110110011011101011011001
00100011000100100011001010
10010001000010011010000111
11101011111100100000100101
11000011001110010111110011
01000111011101011101000110
01011011011001110010100110
10010000010110000110010101
10110010111011110010001100
10111110011100010100000101
10010111010110101111010010
00001101101001101110101001
00111111100001010001110010
00001010001111011011110101
11101111000110101011101000
10001110101011110011011001
00100100111011011100110001
10101100001010000110010111
00101100111101110000101010
11110111100001110110110111
10000111010110110111111010
10101001111001011110010101
